0.14349017990810262
0.2744947685525576
0.08896313422068283
-0.16071980545145897
0.1614341867650749
-0.4347226109797885
-0.10063098570508876
-0.13792513269015172
-0.37047718006080416
-0.4818693455866461
0.3137101504419126
-0.10606793006594399
-0.12660189597517751
0.21532271723692806
-0.24200750778370575
-0.4494139510525707
-1.4126639921342796
-1.265081401513171
-1.6994056257185568
-1.1959999124130543
-1.5316222509813924
-1.3732598158151752
-1.1603883721026207
-1.019926657384888
-1.2884097539788724
-1.5185449956841377
-1.108505780334202
-1.005764529854737
-1.2208062312199113
-1.4397647278840608
-2.237319735671437
-1.132544832965697
0.015317313439407404
0.736380262345825
-0.5069168397239604
-0.4255135471464278
-0.4485299027588802
-0.6764889555100987
0.04793989995124058
-0.08232490415899549
-0.5084240985381727
-0.15792405603740536
-0.18486880734847372
0.08017616642512075
-0.7129271920641254
-0.10416170973747127
-0.49387506949904997
0.3022552965323995
